@ 9453
0   82.5
694.027    0    -91.247    0    
0    694.027    0    0    
0    0    -1    694.027    
@ 9453
0   83.57
695.61    0    -78.271    0    
0    695.61    0    0    
0    0    -1    695.61    
@ 9453
0   84.64
696.951    0    -65.268    0    
0    696.951    0    0    
0    0    -1    696.951    
@ 9453
0   85.71
698.048    0    -52.241    0    
0    698.048    0    0    
0    0    -1    698.048    
@ 9453
0   86.78
698.902    0    -39.197    0    
0    698.902    0    0    
0    0    -1    698.902    
@ 9453
0   87.85
699.512    0    -26.139    0    
0    699.512    0    0    
0    0    -1    699.512    
@ 9453
0   88.92
699.878    0    -13.072    0    
0    699.878    0    0    
0    0    -1    699.878    
@ 9453
0   90
700.0    0    0.0    0    
0    700.0    0    0    
0    0    -1    700.0    
@ 9453
0   91.08
699.878    0    13.072    0    
0    699.878    0    0    
0    0    -1    699.878    
@ 9453
0   92.15
699.512    0    26.139    0    
0    699.512    0    0    
0    0    -1    699.512    
@ 9453
0   93.22
698.902    0    39.197    0    
0    698.902    0    0    
0    0    -1    698.902    
@ 9453
0   94.29
698.048    0    52.241    0    
0    698.048    0    0    
0    0    -1    698.048    
@ 9453
0   95.36
696.951    0    65.268    0    
0    696.951    0    0    
0    0    -1    696.951    
@ 9453
0   96.43
695.61    0    78.271    0    
0    695.61    0    0    
0    0    -1    695.61    
@ 9453
0   97.5
694.027    0    91.247    0    
0    694.027    0    0    
0    0    -1    694.027    
